0 5 5 3 9
1 4 5 3 9
2 4 4 3 9
3 4 3 3 9
4 4 2 3 9
5 4 1 3 9
6 3 1 3 9
7 2 1 3 9
8 1 1 3 9
9 1 2 3 9
10 1 3 3 9
11 1 4 3 9
12 1 5 3 9
13 1 6 3 9
14 1 7 3 9
15 1 8 3 9
16 2 8 3 9
17 2 9 3 9
18 3 9 3 7
19 3 8 3 7
20 3 7 6 1
21 3 6 6 1
22 3 7 6 1
23 3 8 6 1
24 4 8 6 1
25 5 8 6 1
26 6 8 6 1
27 7 8 6 1
28 8 8 6 1
29 8 7 6 1
30 8 6 6 1
31 8 5 6 1
32 8 4 6 1
33 8 3 6 1
34 8 2 6 1
35 8 1 6 1
36 7 1 6 1
37 6 1 0 1
38 5 1 0 1
39 4 1 0 1
40 3 1 0 1
41 2 1 0 1
42 2 2 0 1
43 1 2 0 1
44 0 2 0 1
45 0 1 7 8
46 0 2 7 8
47 0 3 7 8
48 0 4 7 8
49 0 5 7 8
50 1 5 7 8
51 1 6 7 8
52 1 7 7 8
53 1 8 7 8
54 2 8 7 8
55 3 8 7 8
56 4 8 7 8
57 5 8 7 8
58 6 8 7 8
59 6 9 7 8
60 7 9 7 8
61 7 8 0 9
62 7 7 0 9
63 7 6 0 9
64 6 6 0 9
65 6 5 0 9
66 5 5 0 9
67 4 5 0 9
68 4 4 0 9
69 4 3 0 9
70 4 2 0 9
71 4 1 0 9
72 3 1 0 9
73 2 1 0 9
74 1 1 0 9
75 1 2 0 9
76 1 3 0 9
77 1 4 0 9
78 1 5 0 9
79 1 6 0 9
80 1 7 0 9
81 1 8 0 9
82 1 9 0 9
83 0 9 1 3
84 1 9 1 3
85 1 8 1 3
86 2 8 1 3
87 3 8 1 3
88 4 8 1 3
89 5 8 1 3
90 6 8 1 3
91 7 8 1 3
92 8 8 1 3
93 8 7 1 3
94 8 6 1 3
95 8 5 1 3
96 8 4 1 3
97 7 4 1 3
98 7 3 1 3
99 7 2 1 3
0 5 5 4 3
1 4 5 4 3
2 4 4 4 3
3 4 3 0 9
4 4 2 0 9
5 4 1 0 9
6 3 1 0 9
7 2 1 0 9
8 1 1 0 9
9 1 2 0 9
10 1 3 0 9
11 1 4 0 9
12 1 5 0 9
13 1 6 0 9
14 1 7 0 9
15 1 8 0 9
16 1 9 0 9
17 0 9 4 2
18 1 9 4 2
19 2 9 4 2
20 2 8 4 2
21 3 8 4 2
22 4 8 4 2
23 5 8 4 2
24 6 8 4 2
25 7 8 4 2
26 8 8 4 2
27 8 7 4 2
28 8 6 4 2
29 8 5 4 2
30 8 4 4 2
31 8 3 4 2
32 8 2 4 2
33 8 1 4 2
34 7 1 4 2
35 6 1 4 2
36 5 1 4 2
37 4 1 4 2
38 4 2 7 8
39 4 1 7 8
40 3 1 7 8
41 2 1 7 8
42 1 1 7 8
43 1 2 7 8
44 1 3 7 8
45 1 4 7 8
46 1 5 7 8
47 1 6 7 8
48 1 7 7 8
49 2 7 7 8
50 2 8 7 8
51 3 8 7 8
52 4 8 7 8
53 5 8 7 8
54 6 8 7 8
55 7 8 1 3
56 8 8 1 3
57 8 7 1 3
58 8 6 1 3
59 8 5 1 3
60 8 4 1 3
61 8 3 1 3
62 8 2 1 3
63 8 1 1 3
64 7 1 1 3
65 6 1 1 3
66 5 1 1 3
67 5 2 1 3
68 5 3 1 3
69 5 4 1 3
70 5 5 1 3
71 4 5 1 3
72 3 5 1 3
73 2 5 1 3
74 2 4 1 3
75 2 3 1 3
76 1 3 8 0
77 1 4 8 0
78 1 5 8 0
79 1 6 8 0
80 2 6 8 0
81 3 6 8 0
82 3 7 8 0
83 3 8 8 0
84 4 8 8 0
85 5 8 8 0
86 6 8 8 0
87 7 8 8 0
88 8 8 8 0
89 8 7 8 0
90 8 6 8 0
91 8 5 8 0
92 8 4 8 0
93 7 4 8 0
94 7 3 8 0
95 6 3 8 0
96 6 2 8 0
97 6 1 8 0
98 5 1 8 0
99 4 1 8 0
0 5 5 5 6
1 5 6 9 8
2 5 5 9 8
3 5 4 9 8
4 5 3 9 8
5 5 2 9 8
6 4 2 9 8
7 4 1 9 8
8 3 1 9 8
9 2 1 9 8
10 1 1 9 8
11 1 2 9 8
12 1 3 9 8
13 1 4 9 8
14 1 5 9 8
15 1 6 9 8
16 1 7 9 8
17 1 8 9 8
18 2 8 9 8
19 3 8 9 8
20 4 8 9 8
21 5 8 9 8
22 6 8 9 8
23 7 8 9 8
24 8 8 9 8
25 9 8 9 9
26 9 9 9 4
27 9 8 9 4
28 9 7 9 4
29 8 7 9 4
30 8 6 9 4
31 7 6 9 4
32 6 6 9 4
33 6 5 9 4
34 5 5 9 4
35 4 5 9 4
36 4 4 9 4
37 4 3 9 4
38 4 2 9 4
39 4 1 9 4
40 3 1 9 4
41 2 1 9 4
42 1 1 9 4
43 1 2 9 4
44 1 3 9 4
45 1 4 9 4
46 1 5 9 4
47 1 6 9 4
48 1 7 9 4
49 1 8 9 4
50 2 8 9 4
51 3 8 9 4
52 4 8 9 4
53 5 8 9 4
54 6 8 9 4
55 7 8 9 4
56 8 8 9 4
57 8 7 9 4
58 8 6 9 4
59 8 5 9 4
60 8 4 9 4
61 9 4 0 2
62 9 5 0 2
63 8 5 0 2
64 7 5 0 2
65 6 5 0 2
66 5 5 0 2
67 4 5 0 2
68 4 4 0 2
69 4 3 0 2
70 4 2 0 2
71 4 1 0 2
72 3 1 0 2
73 2 1 0 2
74 1 1 0 2
75 0 1 0 2
76 0 2 5 8
77 1 2 5 8
78 1 3 5 8
79 1 4 5 8
80 1 5 5 8
81 2 5 5 8
82 3 5 5 8
83 3 6 5 8
84 3 7 5 8
85 3 8 5 8
86 4 8 5 8
87 5 8 9 1
88 6 8 9 1
89 7 8 9 1
90 8 8 9 1
91 8 7 9 1
92 8 6 9 1
93 7 6 9 1
94 7 5 9 1
95 6 5 9 1
96 5 5 9 1
97 5 4 9 1
98 5 3 9 1
99 4 3 9 1
0 5 5 5 3
1 5 4 5 3
2 5 3 9 3
3 5 2 9 3
4 4 2 9 3
5 4 1 9 3
6 3 1 9 3
7 2 1 9 3
8 1 1 9 3
9 1 2 9 3
10 1 3 9 3
11 1 4 9 3
12 1 5 9 3
13 1 6 9 3
14 1 7 9 3
15 1 8 9 3
16 2 8 9 3
17 3 8 9 3
18 4 8 9 3
19 5 8 9 3
20 6 8 9 3
21 7 8 9 3
22 8 8 9 3
23 8 7 9 3
24 8 6 9 3
25 8 5 9 3
26 8 4 9 3
27 9 4 9 3
28 9 3 8 0
29 8 3 8 0
30 8 4 8 0
31 8 5 8 0
32 7 5 8 0
33 6 5 8 0
34 5 5 8 0
35 4 5 8 0
36 4 4 8 0
37 4 3 8 0
38 4 2 8 0
39 4 1 8 0
40 3 1 8 0
41 2 1 8 0
42 1 1 8 0
43 1 2 8 0
44 1 3 8 0
45 1 4 8 0
46 1 5 8 0
47 1 6 8 0
48 1 7 8 0
49 1 8 8 0
50 2 8 8 0
51 3 8 8 0
52 4 8 8 0
53 5 8 8 0
54 6 8 8 0
55 7 8 8 0
56 8 8 8 0
57 8 7 8 0
58 8 6 8 0
59 8 5 8 0
60 8 4 8 0
61 8 3 8 0
62 8 2 8 0
63 8 1 8 0
64 8 0 9 1
65 9 0 9 1
66 9 1 7 8
67 8 1 7 8
68 8 2 7 8
69 8 3 7 8
70 8 4 7 8
71 8 5 7 8
72 7 5 7 8
73 6 5 7 8
74 5 5 7 8
75 4 5 7 8
76 4 4 7 8
77 4 3 7 8
78 4 2 7 8
79 4 1 7 8
80 3 1 7 8
81 2 1 7 8
82 1 1 7 8
83 1 2 7 8
84 1 3 7 8
85 1 4 7 8
86 1 5 7 8
87 1 6 7 8
88 1 7 7 8
89 1 8 7 8
90 2 8 7 8
91 3 8 7 8
92 4 8 7 8
93 5 8 7 8
94 6 8 7 8
95 7 8 2 7
96 8 8 2 7
97 8 7 2 7
98 8 6 2 7
99 8 5 2 7
0 5 5 9 3
1 4 5 9 3
2 4 4 9 3
3 4 3 9 3
4 4 2 9 3
5 4 1 9 3
6 3 1 9 3
7 2 1 9 3
8 1 1 9 3
9 1 2 9 3
10 1 3 9 3
11 1 4 9 3
12 1 5 9 3
13 1 6 9 3
14 1 7 9 3
15 1 8 9 3
16 2 8 9 3
17 3 8 9 3
18 4 8 9 3
19 5 8 9 3
20 6 8 9 3
21 7 8 9 3
22 8 8 9 3
23 8 7 9 3
24 8 6 9 3
25 8 5 9 3
26 8 4 9 3
27 9 4 9 3
28 9 3 0 1
29 8 3 0 1
30 8 4 0 1
31 8 5 0 1
32 7 5 0 1
33 6 5 0 1
34 5 5 0 1
35 4 5 0 1
36 4 4 0 1
37 4 3 0 1
38 4 2 0 1
39 4 1 0 1
40 3 1 0 1
41 2 1 0 1
42 1 1 0 1
43 0 1 8 5
44 1 1 8 5
45 1 2 8 5
46 1 3 8 5
47 1 4 8 5
48 1 5 8 5
49 1 6 8 5
50 1 7 8 5
51 1 8 8 5
52 2 8 8 5
53 3 8 8 5
54 4 8 8 5
55 5 8 8 5
56 6 8 8 5
57 7 8 8 5
58 8 8 8 5
59 8 7 8 5
60 8 6 8 5
61 8 5 3 6
62 7 5 3 6
63 6 5 3 6
64 5 5 3 6
65 4 5 3 6
66 3 5 3 6
67 3 6 0 3
68 3 7 0 3
69 3 8 0 3
70 4 8 0 3
71 5 8 0 3
72 6 8 0 3
73 7 8 0 3
74 8 8 0 3
75 8 7 0 3
76 8 6 0 3
77 8 5 0 3
78 8 4 0 3
79 8 3 0 3
80 8 2 0 3
81 8 1 0 3
82 7 1 0 3
83 6 1 0 3
84 5 1 0 3
85 5 2 0 3
86 5 3 0 3
87 5 4 0 3
88 5 5 0 3
89 4 5 0 3
90 3 5 0 3
91 2 5 0 3
92 2 4 0 3
93 2 3 0 3
94 2 2 0 3
95 2 1 0 3
96 1 1 0 3
97 1 2 0 3
98 1 3 0 3
99 0 3 4 8